  1948         2019
 1948    0.107    0.108    0.108    0.112    0.115    0.119    0.122    0.124    0.126    0.127    0.128    0.129
 1949    0.129    0.128    0.126    0.122    0.120    0.119    0.116    0.112    0.109    0.105    0.102    0.099
 1950    0.097    0.096    0.093    0.091    0.089    0.088    0.089    0.090    0.090    0.092    0.094    0.095
 1951    0.095    0.094    0.092    0.092    0.091    0.088    0.088    0.089    0.089    0.089    0.089    0.089
 1952    0.089    0.090    0.090    0.091    0.090    0.092    0.093    0.096    0.099    0.100    0.102    0.102
 1953    0.102    0.104    0.107    0.110    0.112    0.114    0.115    0.116    0.118    0.120    0.121    0.122
 1954    0.122    0.122    0.120    0.120    0.119    0.119    0.119    0.118    0.118    0.119    0.118    0.118
 1955    0.119    0.120    0.121    0.122    0.126    0.129    0.131    0.135    0.136    0.139    0.141    0.142
 1956    0.142    0.141    0.143    0.144    0.145    0.143    0.141    0.138    0.135    0.133    0.132    0.132
 1957    0.132    0.132    0.132    0.130    0.129    0.127    0.124    0.120    0.117    0.114    0.112    0.111
 1958    0.110    0.109    0.108    0.108    0.105    0.101    0.099    0.095    0.092    0.089    0.087    0.084
 1959    0.082    0.080    0.079    0.077    0.078    0.077    0.075    0.074    0.072    0.070    0.069    0.068
 1960    0.067    0.065    0.064    0.062    0.061    0.058    0.055    0.051    0.048    0.044    0.040    0.035
 1961    0.033    0.031    0.030    0.030    0.030    0.030    0.032    0.032    0.033    0.034    0.034    0.035
 1962    0.036    0.037    0.038    0.038    0.037    0.036    0.034    0.032    0.030    0.027    0.024    0.022
 1963    0.019    0.017    0.014    0.010    0.006    0.002   -0.002   -0.005   -0.007   -0.010   -0.012   -0.015
 1964   -0.017   -0.017   -0.017   -0.015   -0.015   -0.015   -0.014   -0.014   -0.015   -0.018   -0.020   -0.020
 1965   -0.021   -0.023   -0.025   -0.026   -0.027   -0.031   -0.035   -0.038   -0.042   -0.046   -0.050   -0.054
 1966   -0.057   -0.060   -0.063   -0.068   -0.073   -0.077   -0.080   -0.084   -0.087   -0.089   -0.091   -0.095
 1967   -0.099   -0.103   -0.108   -0.112   -0.117   -0.121   -0.124   -0.127   -0.129   -0.131   -0.134   -0.137
 1968   -0.142   -0.146   -0.151   -0.154   -0.156   -0.157   -0.157   -0.158   -0.159   -0.159   -0.160   -0.162
 1969   -0.163   -0.165   -0.169   -0.173   -0.176   -0.180   -0.184   -0.187   -0.189   -0.192   -0.193   -0.195
 1970   -0.196   -0.197   -0.198   -0.200   -0.203   -0.204   -0.206   -0.206   -0.207   -0.208   -0.208   -0.209
 1971   -0.211   -0.214   -0.218   -0.222   -0.226   -0.230   -0.232   -0.233   -0.234   -0.237   -0.240   -0.244
 1972   -0.248   -0.251   -0.254   -0.255   -0.256   -0.256   -0.254   -0.254   -0.254   -0.255   -0.256   -0.255
 1973   -0.255   -0.254   -0.254   -0.254   -0.254   -0.256   -0.256   -0.256   -0.256   -0.256   -0.256   -0.257
 1974   -0.257   -0.258   -0.261   -0.264   -0.267   -0.267   -0.268   -0.270   -0.270   -0.270   -0.269   -0.268
 1975   -0.268   -0.268   -0.269   -0.269   -0.268   -0.267   -0.265   -0.263   -0.262   -0.262   -0.262   -0.262
 1976   -0.261   -0.261   -0.258   -0.256   -0.254   -0.251   -0.249   -0.247   -0.244   -0.242   -0.241   -0.239
 1977   -0.237   -0.235   -0.233   -0.231   -0.229   -0.227   -0.225   -0.224   -0.224   -0.224   -0.225   -0.226
 1978   -0.225   -0.223   -0.219   -0.216   -0.214   -0.213   -0.211   -0.212   -0.212   -0.213   -0.212   -0.211
 1979   -0.210   -0.208   -0.207   -0.204   -0.201   -0.200   -0.198   -0.196   -0.194   -0.192   -0.192   -0.191
 1980   -0.191   -0.191   -0.191   -0.192   -0.192   -0.189   -0.188   -0.188   -0.189   -0.188   -0.187   -0.187
 1981   -0.187   -0.186   -0.185   -0.184   -0.182   -0.180   -0.178   -0.178   -0.178   -0.179   -0.180   -0.179
 1982   -0.178   -0.177   -0.174   -0.172   -0.170   -0.167   -0.164   -0.160   -0.157   -0.155   -0.154   -0.152
 1983   -0.151   -0.151   -0.150   -0.148   -0.145   -0.142   -0.138   -0.136   -0.135   -0.135   -0.134   -0.135
 1984   -0.135   -0.135   -0.136   -0.136   -0.135   -0.134   -0.132   -0.130   -0.130   -0.130   -0.130   -0.131
 1985   -0.133   -0.134   -0.135   -0.135   -0.135   -0.137   -0.138   -0.138   -0.137   -0.136   -0.136   -0.135
 1986   -0.134   -0.134   -0.133   -0.134   -0.134   -0.135   -0.135   -0.135   -0.135   -0.137   -0.137   -0.138
 1987   -0.140   -0.140   -0.140   -0.141   -0.141   -0.141   -0.141   -0.143   -0.143   -0.143   -0.143   -0.142
 1988   -0.141   -0.140   -0.141   -0.143   -0.145   -0.146   -0.148   -0.150   -0.150   -0.150   -0.151   -0.153
 1989   -0.155   -0.157   -0.158   -0.159   -0.160   -0.160   -0.159   -0.159   -0.159   -0.157   -0.155   -0.152
 1990   -0.150   -0.148   -0.145   -0.141   -0.136   -0.130   -0.126   -0.124   -0.121   -0.118   -0.115   -0.112
 1991   -0.110   -0.107   -0.106   -0.103   -0.101   -0.100   -0.099   -0.097   -0.095   -0.094   -0.093   -0.091
 1992   -0.089   -0.087   -0.085   -0.085   -0.085   -0.085   -0.087   -0.089   -0.090   -0.091   -0.091   -0.089
 1993   -0.089   -0.086   -0.082   -0.080   -0.077   -0.074   -0.072   -0.068   -0.065   -0.061   -0.057   -0.054
 1994   -0.052   -0.050   -0.048   -0.045   -0.042   -0.039   -0.038   -0.037   -0.036   -0.036   -0.035   -0.034
 1995   -0.033   -0.031   -0.029   -0.027   -0.025   -0.025   -0.024   -0.023   -0.023   -0.024   -0.026   -0.026
 1996   -0.027   -0.026   -0.025   -0.024   -0.023   -0.020   -0.018   -0.016   -0.012   -0.010   -0.007   -0.003
 1997    0.000    0.003    0.005    0.006    0.007    0.008    0.009    0.012    0.015    0.019    0.022    0.025
 1998    0.028    0.029    0.032    0.035    0.037    0.040    0.044    0.050    0.055    0.060    0.064    0.068
 1999    0.073    0.077    0.081    0.084    0.086    0.089    0.092    0.097    0.101    0.104    0.106    0.108
 2000    0.110    0.111    0.114    0.116    0.118    0.119    0.119    0.120    0.122    0.124    0.124    0.125
 2001    0.125    0.126    0.127    0.129    0.131    0.135    0.139    0.143    0.146    0.149    0.152    0.155
 2002    0.158    0.161    0.162    0.163    0.164    0.164    0.165    0.165    0.166    0.166    0.167    0.167
 2003    0.166    0.166    0.165    0.163    0.162    0.161    0.159    0.156    0.153    0.151    0.148    0.145
 2004    0.142    0.141    0.139    0.137    0.136    0.136    0.136    0.136    0.134    0.134    0.134    0.135
 2005    0.135    0.138    0.140    0.143    0.146    0.149    0.153    0.157    0.160    0.162    0.164    0.166
 2006    0.168    0.170    0.171    0.171    0.173    0.174    0.173    0.174    0.173    0.171    0.169    0.167
 2007    0.165    0.163    0.162    0.162    0.163    0.166    0.170    0.174    0.177    0.179    0.179    0.180
 2008    0.181    0.182    0.183    0.183    0.184    0.183    0.183    0.182    0.181    0.180    0.177    0.176
 2009    0.173    0.171    0.169    0.167    0.166    0.166    0.167    0.167    0.167    0.168    0.166    0.165
 2010    0.163    0.162    0.160    0.157    0.155    0.153    0.152    0.149    0.148    0.147    0.147    0.148
 2011    0.148    0.148    0.149    0.150    0.151    0.152    0.153    0.154    0.154    0.154    0.155    0.155
 2012    0.155    0.156    0.155    0.157    0.158    0.160    0.161    0.163    0.165    0.168    0.170    0.171
 2013    0.172    0.172    0.172    0.171    0.171    0.169    0.167    0.167    0.166    0.166    0.164    0.164
 2014    0.163    0.165    0.167    0.169    0.171    0.173    0.175    0.176    0.177  -99.990  -99.990  -99.990
 2015  -99.990  -99.990  -99.990  -99.990  -99.990  -99.990  -99.990  -99.990  -99.990  -99.990  -99.990  -99.990
 2016  -99.990  -99.990  -99.990  -99.990  -99.990  -99.990  -99.990  -99.990  -99.990  -99.990  -99.990  -99.990
 2017  -99.990  -99.990  -99.990  -99.990  -99.990  -99.990  -99.990  -99.990  -99.990  -99.990  -99.990  -99.990
 2018  -99.990  -99.990  -99.990  -99.990  -99.990  -99.990  -99.990  -99.990  -99.990  -99.990  -99.990  -99.990
 2019  -99.990  -99.990  -99.990  -99.990  -99.990  -99.990  -99.990  -99.990  -99.990  -99.990  -99.990  -99.990
  -99.99
  AMO smoothed/detrended from the Kaplan SST V2
  Calculated at NOAA/ESRL/PSD1
  http://www.esrl.noaa.gov/psd/data/timeseries/AMO/
